Dissertation - Bitcoin Only Taiwan
Observed Variables
A3 A4 A5 B1 B2 B3 C1 C2 C3 D1 D2 D3 E1 E2 E3 F1 F2 F3 G1 G2 H1 H2 I1 I2 I3 J1 J2 J3 K1 K2 K3 K4

Correlation Matrix 
*

	
	1.000																															
	.846	1.000																														
	.789	.851	1.000																													
	.620	.646	.662	1.000																												
	.531	.561	.559	.733	1.000																											
	.651	.663	.677	.819	.705	1.000																										
	.706	.704	.736	.668	.569	.739	1.000																									
	.663	.660	.691	.715	.705	.754	.796	1.000																								
	.704	.704	.740	.660	.504	.713	.857	.744	1.000																							
	.645	.660	.689	.700	.598	.728	.793	.755	.771	1.000																						
	.609	.612	.657	.654	.681	.674	.670	.751	.637	.773	1.000																					
	.639	.664	.685	.630	.567	.676	.782	.718	.735	.802	.782 1.000																				
	.133	.128	.108	.024	.073	.092	.124	.084	.068	.123	.103  .135	1.000																			
	.202	.199	.188	.070	.057	.126	.169	.123	.147	.156	.114  .134	.826	1.000																		
	.199	.187	.187	.052	.025	.128	.193	.121	.180	.208	.110	.155	.769	.810	1.000																	
	.309	.292	.286	.238	.272	.243	.289	.307	.267	.320	.296	.285	.536	.513	.500	1.000																
	.124	.110	.110	.156	.331	.133	.120	.216	.084	.185	.242	.187	.410	.360	.342	.634	1.000															
	.143	.133	.104	.146	.271	.130	.153	.188	.109	.221	.201	.195	.455	.419	.382	.693	.802	1.000														
	.488	.494	.505	.516	.496	.529	.542	.557	.520	.584	.506	.526	.085	.113	.124	.270	.282	.261	1.000													
	.485	.486	.505	.452	.386	.503	.546	.489	.567	.517	.469	.516	.089	.139	.163	.238	.191	.171	.684	1.000												
	.182	.154	.171	.083	.212	.113	.178	.200	.123	.239	.234	.191	.564	.525	.504	.652	.567	.607	.234	.200	1.000											
	.270	.282	.284	.326	.359	.308	.287	.341	.233	.300	.292	.310	.183	.224	.181	.174	.207	.177	.444	.346	.211	1.000										
	.098	.094	.124	.016	.069	.020	.077	.067	.038	.125	.074	.102	.521	.495	.447	.389	.387	.414	.018	.080	.527	.280	1.000									
        .060	.045	.075	-.043	.058	-.029	.038	.047	-.033	.072	.083	.078	.577	.535	.493	.418	.445	.449	.014	.025	.570	.238	.859	1.000								
	.035	.021	.052	.017	.130	.016	.044	.060	-.051	.097	.114	.069	.491	.426	.399	.370	.415	.428	.017	-.003	.503	.305	.779	.804	1.000							
	.020	-.014	.027	.009	.132	.023	-.001	.061	-.045	.070	.073	-.005	.429	.443	.414	.364	.434	.412	.008	-.018	.500	.282	.654	.652	.689	1.000						
	.006	-.018	-.004	-.063	.094	-.035	-.015	.033	-.053	.058	.029	.002	.437	.405	.379	.375	.481	.445	.046	.013	.489	.308	.651	.636	.676	.778	1.000					
	.045	.013	.057	-.034	.097	-.006	.051	.069	-.015	.110	.088	.073	.474	.464	.475	.407	.436	.476	.060	.051	.521	.272	.635	.669	.660	.713	.765	1.000				
	.504	.519	.538	.494	.431	.522	.504	.548	.508	.546	.549	.519	.120	.175	.154	.413	.281	.296	.511	.499	.286	.330	.100	.101	.077	.139	.098	.149	1.000			
	.525	.559	.586	.484	.413	.509	.540	.501	.533	.549	.521	.523	.123	.163	.157	.399	.232	.263	.504	.487	.292	.326	.170	.122	.106	.079	.073	.113	.773	1.000		
	.301	.275	.293	.374	.445	.330	.288	.371	.219	.374	.426	.319	.083	.047	.024	.370	.436	.436	.344	.249	.322	.284	.235	.221	.312	.336	.320	.274	.480	.472	1.000	
	.516	.557	.553	.469	.472	.519	.554	.565	.500	.522	.543	.529	.088	.101	.127	.284	.193	.183	.541	.525	.178	.391	.047	.021	.001	.055	.046	.045	.641	.606	.465	1.000




Sample Size 439
Latent Variables: BI AT CE DC PE FB GD HD IU JJ KO TOTAL
Relationships:
   B1 B2 B3 = BI
   A3 A4 A5 = AT
   C1 C2 C3 = CE
   D1 D2 D3 = DC
   E1 E2 E3 = PE
   F1 F2 F3 = FB
   G1 G2 = GD
   H1 H2 = HD
   I1 I2 I3 = IU
   J1 J2 J3 = JJ
   K1 K2 K3 K4 = KO
   BI AT CE DC PE FB GD HD IU JJ KO = TOTAL
   

Number of Decimals = 2
Wide Print
Print Residuals
path diagram
End of Problem
